1, 2, 3
1, 3, 2, 2
1, 2, 3, 4 
3, 1, 4, 5, 9, 10, 6, 7, 8, 2 
8, 1, 10, 6, 3, 9, 4, 7, 2, 11, 5, 12
3, 5, 2, 5, 6, 1, 4
5, 6, 4, 2, 1, 7, 3
1, 2, 3, 4, 5 
2, 3, 1
2, 3, 4, 5, 6, 1, 7, 8, 9, 10
1, 4, 2, 3
11, 15, 12, 8, 1, 2, 3, 13, 4, 16, 10, 5, 14, 9, 6, 7
6, 1, 8, 9, 13, 4, 2, 5, 10, 7, 14, 3, 11, 12, 15, 16
5, 1, 2, 13, 4, 11, 6, 7, 8, 9, 12, 3, 10
1, 2, 6, 3, 4, 7, 5
4, 5, 7, 1, 9, 3, 2, 6, 8
1, 4, 5, 2, 3
2, 1, 7, 8, 3, 5, 4, 6, 8, 9 
5, 1, 2, 3, 6, 4, 7, 8, 9, 10
8, 9, 1, 11, 12, 2, 6, 7, 13, 3, 14, 4, 5, 10, 9, 15
2, 6, 10, 3, 7, 8, 1, 4, 5, 11, 7
4, 4, 3, 6, 7, 1, 2, 5, 8
4, 2, 8, 9, 5, 7, 6, 11, 3, 1, 10
4, 7, 8, 9, 10, 1, 11, 12, 13, 2, 5, 6, 3 
2, 4, 3, 1, 5
1, 2, 3, 4, 5, 6
1, 2
1, 5, 7, 8, 2, 9, 10, 3, 6, 4
5, 3, 1, 8, 4, 2, 6, 7
1, 3, 2, 4, 5, 6, 6
1
11, 8, 12, 4, 2, 3, 5, 6, 9, 7, 10, 1
6, 4, 7, 3, 8, 5, 2, 1, 9, 10, 11
4, 5, 8, 7, 6, 9, 10, 11, 3, 2, 12, 1
1, 3, 5, 2, 6, 4
8, 3, 4, 9, 10, 5, 1, 11, 2, 6, 12, 13, 7
1, 3, 4, 2
